# L0245 public data fixture
# Source: https://doi.org/10.5281/zenodo.2667424 (CC BY 4.0)
# Archive SHA256: 747a642397b577cf45277e59f8365d973d3055db29f8851d2063c99967be1c29
[layout_grid]
2.900000000000000000e+02 2.200000000000000000e+02
9.620000000000000000e+02 2.200000000000000000e+02
1.634000000000000000e+03 2.200000000000000000e+02
2.306000000000000000e+03 2.200000000000000000e+02
2.978000000000000000e+03 2.200000000000000000e+02
3.650000000000000000e+03 2.200000000000000000e+02
2.900000000000000000e+02 7.000000000000000000e+02
9.620000000000000000e+02 7.000000000000000000e+02
1.634000000000000000e+03 7.000000000000000000e+02
2.306000000000000000e+03 7.000000000000000000e+02
2.978000000000000000e+03 7.000000000000000000e+02
3.650000000000000000e+03 7.000000000000000000e+02
2.900000000000000000e+02 1.180000000000000000e+03
9.620000000000000000e+02 1.180000000000000000e+03
1.634000000000000000e+03 1.180000000000000000e+03
2.306000000000000000e+03 1.180000000000000000e+03
2.978000000000000000e+03 1.180000000000000000e+03
3.650000000000000000e+03 1.180000000000000000e+03
2.900000000000000000e+02 1.660000000000000000e+03
9.620000000000000000e+02 1.660000000000000000e+03
1.634000000000000000e+03 1.660000000000000000e+03
2.306000000000000000e+03 1.660000000000000000e+03
2.978000000000000000e+03 1.660000000000000000e+03
3.650000000000000000e+03 1.660000000000000000e+03
2.900000000000000000e+02 2.140000000000000000e+03
9.620000000000000000e+02 2.140000000000000000e+03
1.634000000000000000e+03 2.140000000000000000e+03
2.306000000000000000e+03 2.140000000000000000e+03
2.978000000000000000e+03 2.140000000000000000e+03
3.650000000000000000e+03 2.140000000000000000e+03
2.900000000000000000e+02 2.620000000000000000e+03
9.620000000000000000e+02 2.620000000000000000e+03
1.634000000000000000e+03 2.620000000000000000e+03
2.306000000000000000e+03 2.620000000000000000e+03
2.978000000000000000e+03 2.620000000000000000e+03
3.650000000000000000e+03 2.620000000000000000e+03
2.900000000000000000e+02 3.100000000000000000e+03
9.620000000000000000e+02 3.100000000000000000e+03
1.634000000000000000e+03 3.100000000000000000e+03
2.306000000000000000e+03 3.100000000000000000e+03
2.978000000000000000e+03 3.100000000000000000e+03
3.650000000000000000e+03 3.100000000000000000e+03
2.900000000000000000e+02 3.580000000000000000e+03
9.620000000000000000e+02 3.580000000000000000e+03
1.634000000000000000e+03 3.580000000000000000e+03
2.306000000000000000e+03 3.580000000000000000e+03
2.978000000000000000e+03 3.580000000000000000e+03
3.650000000000000000e+03 3.580000000000000000e+03
2.900000000000000000e+02 4.060000000000000000e+03
9.620000000000000000e+02 4.060000000000000000e+03
1.634000000000000000e+03 4.060000000000000000e+03
2.306000000000000000e+03 4.060000000000000000e+03
2.978000000000000000e+03 4.060000000000000000e+03
3.650000000000000000e+03 4.060000000000000000e+03
2.900000000000000000e+02 4.540000000000000000e+03
9.620000000000000000e+02 4.540000000000000000e+03
1.634000000000000000e+03 4.540000000000000000e+03
2.306000000000000000e+03 4.540000000000000000e+03
2.978000000000000000e+03 4.540000000000000000e+03
3.650000000000000000e+03 4.540000000000000000e+03
[layout_amalia]
9.729130000000000109e+02 1.008200000000000074e+01
1.552627999999999929e+03 0.000000000000000000e+00
2.157547999999999774e+03 2.016400000000000148e+01
7.208630000000000564e+02 5.091410000000000196e+02
1.290496000000000095e+03 4.940179999999999723e+02
1.895415999999999940e+03 5.091410000000000196e+02
2.515458999999999833e+03 5.393869999999999436e+02
3.135501999999999953e+03 5.797150000000000318e+02
4.688129999999999882e+02 1.003158999999999992e+03
1.033404999999999973e+03 9.779539999999999509e+02
1.623201999999999998e+03 9.880359999999999445e+02
2.238204000000000178e+03 1.023322999999999979e+03
2.853206000000000131e+03 1.058609999999999900e+03
3.483331000000000131e+03 1.103979000000000042e+03
2.167630000000000052e+02 1.497176999999999907e+03
7.763139999999999645e+02 1.471971999999999980e+03
1.356028999999999996e+03 1.477012999999999920e+03
1.955907999999999902e+03 1.497176999999999907e+03
2.570909999999999854e+03 1.532463999999999942e+03
3.185911999999999807e+03 1.572791999999999916e+03
3.800914000000000215e+03 1.633284000000000106e+03
5.192229999999999563e+02 1.960949000000000069e+03
1.093896999999999935e+03 1.960949000000000069e+03
1.683693999999999960e+03 1.986153999999999996e+03
2.283572999999999865e+03 2.006317999999999984e+03
2.893534000000000106e+03 2.046645999999999958e+03
3.503494999999999891e+03 2.097056000000000040e+03
2.570910000000000082e+02 2.460007999999999811e+03
8.216829999999999927e+02 2.449925999999999931e+03
1.406439000000000078e+03 2.460007999999999811e+03
1.996236000000000104e+03 2.485213000000000193e+03
2.601155999999999949e+03 2.520500000000000000e+03
3.201034999999999854e+03 2.565869000000000142e+03
3.780750000000000000e+03 2.611237999999999829e+03
0.000000000000000000e+00 2.948985000000000127e+03
5.595510000000000446e+02 2.933862000000000080e+03
1.129183999999999969e+03 2.943943999999999960e+03
1.713940000000000055e+03 2.954025999999999840e+03
2.308777999999999793e+03 2.989313000000000102e+03
2.903615999999999985e+03 3.024599999999999909e+03
3.468208000000000084e+03 3.069969000000000051e+03
2.873369999999999891e+02 3.422838999999999942e+03
8.519289999999999736e+02 3.427880000000000109e+03
1.431644000000000005e+03 3.437961999999999989e+03
2.006317999999999984e+03 3.458126000000000204e+03
2.596114999999999782e+03 3.493413000000000011e+03
3.155666000000000167e+03 3.533740999999999985e+03
3.710175999999999931e+03 3.569027999999999793e+03
2.016400000000000148e+01 3.911815999999999804e+03
5.746739999999999782e+02 3.911815999999999804e+03
1.139266000000000076e+03 3.911815999999999804e+03
1.718980999999999995e+03 3.926938999999999851e+03
2.283572999999999865e+03 3.962226000000000113e+03
2.843123999999999796e+03 3.992472000000000207e+03
2.974189999999999827e+02 4.390711000000000240e+03
8.519289999999999736e+02 4.385670000000000073e+03
1.426603000000000065e+03 4.400792999999999665e+03
1.986153999999999996e+03 4.420957000000000335e+03
1.124143000000000029e+03 4.869605999999999767e+03
1.683693999999999960e+03 4.889770000000000437e+03
[layout_optimized]
9.729130000000000109e+02 1.008200000000000074e+01
1.472828951738801379e+03 1.387809534977367587e+00
2.157547999999999774e+03 2.016400000000000148e+01
7.785835140147685252e+02 3.922633224376218664e+02
1.544293244932796142e+03 3.913456619822104017e+02
2.209284537566968538e+03 3.503525926150426244e+02
2.772275357872113545e+03 3.718894470299208592e+02
3.219699939127549897e+03 7.066220386850026216e+02
5.069343117006530974e+02 9.265067536553822265e+02
9.743154991371056894e+02 9.567158670120388706e+02
1.580473196421998182e+03 9.693269049915080586e+02
2.249968928250530098e+03 8.532568437160225585e+02
2.979542370710817067e+03 9.373076309536749022e+02
3.540627108852504080e+03 1.199472514754173062e+03
2.176974128170982112e+02 1.495339321459706753e+03
6.139224071908437281e+02 1.356470297149333874e+03
1.433613977073818887e+03 1.388312277083604386e+03
2.219105402927262276e+03 1.411921392232433618e+03
2.746372598501065113e+03 1.455203282821591756e+03
3.206862601091767829e+03 1.524938569013144615e+03
3.778753277581536622e+03 1.597151655791551775e+03
1.580481582453712122e+02 1.890429893612397791e+03
1.190150271512645759e+03 1.901830322248704761e+03
1.881836315415892386e+03 1.941612782528927937e+03
2.426190322779949838e+03 1.982145643521643478e+03
3.030996908299390270e+03 2.017980059969676859e+03
3.791758710529677501e+03 2.077315539310643544e+03
9.254112401317419767e+01 2.329174681028044233e+03
6.792226828726544454e+02 2.383050887852627966e+03
1.397102967115672527e+03 2.426538228723042266e+03
2.101403265023933727e+03 2.505691135971924723e+03
2.763519173470733676e+03 2.570257143342880227e+03
3.248301412727196748e+03 2.573537636975346231e+03
3.780637046714908593e+03 2.612770937440521266e+03
8.790408135284904390e+00 2.890109708303208208e+03
5.070495657049212355e+02 2.926503995221563400e+03
1.139063770755712994e+03 2.968257773754946811e+03
1.781891247776053433e+03 3.002155378299163203e+03
2.355572297926753890e+03 3.051306808467515111e+03
2.995658459059480265e+03 3.122075487497865197e+03
3.707372273752556794e+03 3.155001253081907635e+03
1.010740370443801339e+01 3.431613526886931595e+03
6.262414155231474524e+02 3.446767703229181279e+03
1.436303914330524549e+03 3.561329035693711376e+03
2.091367038444189348e+03 3.638170504108393288e+03
2.655977460771381629e+03 3.651490526822424272e+03
3.255457517397482206e+03 3.865386812044427188e+03
3.710176000000000840e+03 3.569027999999999338e+03
8.330996837180578041e+01 3.937094396524289095e+03
7.181902956179819739e+02 4.049906206792859393e+03
1.137919860341213280e+03 3.795377958644589853e+03
1.683961515592231535e+03 4.202464738946140642e+03
2.467964382679649134e+03 4.378628606313263845e+03
2.813214431310297641e+03 4.153614893026621758e+03
2.698833829139213663e+02 4.343149479578592036e+03
7.302931106733026354e+02 4.565920629862315764e+03
1.419803590180149286e+03 4.545652726771825655e+03
2.107837393508632431e+03 4.613338236071488609e+03
1.123258140780509848e+03 4.869093429110660509e+03
1.683693999999999960e+03 4.889770000000000437e+03
[layout_random]
1.962786773615015591e+03 2.790433246240223980e+03
2.604678873611059316e+03 4.077563862012008485e+03
1.166752201879284257e+03 4.369562428643485873e+03
2.742526165809214035e+03 9.287578001019892326e+02
2.106571410292479413e+03 1.721844264840717187e+03
6.913573797643302896e+02 3.841411927111485966e+03
3.176098230710742882e+02 2.951212968866931988e+03
2.770838777073108758e+03 1.350744336421060780e+03
2.604790419349182685e+03 2.532252839304496774e+03
1.531760096653646087e+03 1.746744874794803991e+03
3.621802445218564117e+03 1.680279380631702452e+03
2.045505386705330466e+03 4.510663063898033215e+03
6.064749815281963947e+02 1.347486362860776808e+03
2.186305067547846647e+03 5.888928982806305612e+02
1.681403224220632865e+03 4.291200172344470047e+03
3.608071317557629754e+03 2.338128689595132983e+03
1.752674963767301733e+03 3.116196785197741974e+03
1.233807078171384546e+03 5.749298319454944703e+02
3.087352811690373528e+03 3.277419295534801677e+03
2.477312988891181249e+03 2.076044483160106665e+03
2.845061553049914892e+03 4.584494611238216066e+02
1.136550861335106902e+03 1.113184954908262171e+03
1.463115268137189787e+03 2.697519099279005331e+03
2.700694364101511383e+03 3.301958265880389263e+03
1.567461066930166908e+03 1.172522669568893434e+03
3.581446522648481277e+03 3.601273216893636800e+03
2.891026292381533494e+03 1.930036588954906847e+03
9.112212659704147200e+02 3.194868833750433623e+03
3.458694146422988979e+03 2.834200480245579001e+03
1.050653287805061609e+03 2.840586709276920374e+03
2.078838015405809983e+03 1.291689612786190764e+03
6.180677209238068599e+02 9.001631558997426055e+02
1.007604624775705361e+03 2.182830577041024299e+03
1.979995664298655583e+03 2.260944397894085796e+03
3.997810160372047221e+02 2.188898918356876493e+03
2.188904662050705610e+03 3.379599067342493527e+03
1.493329004711167727e+03 3.918178383462058264e+03
2.380925575446797211e+02 3.817058614314726128e+03
2.081047900602613936e+03 6.565980779137446177e+01
7.894821374206856035e+02 4.515649354065042644e+03
3.118570902576910612e+03 1.528515756751031631e+03
3.123027966327493232e+03 2.552813913835378571e+03
3.370018382721886610e+03 1.025131147310795996e+03
3.202361761927313182e+03 3.758839915507619480e+03
2.528343739292478460e+02 1.805720306775590188e+03
1.950555113764050247e+03 3.932368603042921222e+03
9.770681612699958123e+02 2.446181999264482698e+01
1.274672244810874417e+03 3.407054764480910308e+03
2.492466538777198821e+03 1.680543851302959411e+03
1.293949117814955571e+03 4.765521544309031924e+03
1.740789572942132963e+03 7.551635259271546374e+02
2.306833171640313594e+03 3.741721536354462842e+03
3.559230116515772693e+02 3.438593792455424136e+03
1.130351954056758814e+03 1.632634358461608599e+03
3.289063515744438973e+03 1.951095113783709621e+03
1.457492540603981297e+03 2.137282838989270203e+03
1.711051614890032852e+03 4.750217255738574750e+03
5.403144013247766679e+02 2.610452176517469070e+03
1.371835163425330165e+03 1.230854616400059030e+02
7.531923158777295839e+02 1.764647433439649831e+03
[wind_direction_distribution]
0.0 0.011781290907260095
5.0 0.010995871513442754
10.0 0.00960628335515054
15.0 0.012123653207129192
20.0 0.010472258584231195
25.0 0.010069479407914611
30.0 0.009686839190413856
35.0 0.010009062531467123
40.0 0.01037156379015205
45.0 0.011217400060416877
50.0 0.015225052864766891
55.0 0.015627832041083475
60.0 0.01574866579397845
65.0 0.01705769811700735
70.0 0.019353539422011883
75.0 0.014197965965159601
80.0 0.012063236330681704
85.0 0.012022958413050046
90.0 0.01321115698318397
95.0 0.017460477293323937
100.0 0.0172993656227973
105.0 0.014399355553317894
110.0 0.007874332896989225
115.0 6.712986271943074e-06
120.0 6.712986271943074e-06
125.0 6.712986271943074e-06
130.0 0.00034236229986909676
135.0 0.0035645957104017724
140.0 0.007189608297251032
145.0 0.00880072500251737
150.0 0.011358372772127681
155.0 0.014157688047527943
160.0 0.016695196858322426
165.0 0.01631255664082167
170.0 0.013170879065552312
175.0 0.010915315678179438
180.0 0.009485449602255563
185.0 0.01010975732554627
190.0 0.011881985701339241
195.0 0.012606988218709092
200.0 0.015889638505689255
205.0 0.017702144799113886
210.0 0.02042090423925083
215.0 0.02279730137951868
220.0 0.029543852582821467
225.0 0.03028899405900715
230.0 0.026986204813211158
235.0 0.022152854697412145
240.0 0.02124660155069983
245.0 0.018286174604772932
250.0 0.016614641023059106
255.0 0.019011177122142786
260.0 0.019051455039774443
265.0 0.016393112476084985
270.0 0.01762158896385057
275.0 0.01653408518779579
280.0 0.01445977242976538
285.0 0.014036854294632967
290.0 0.01657436310542745
295.0 0.015627832041083475
300.0 0.015345886617661867
305.0 0.01752089416977142
310.0 0.015970194340952572
315.0 0.015104219111871917
320.0 0.014520189306212869
325.0 0.01345282448897392
330.0 0.01478199577081865
335.0 0.013392407612526433
340.0 0.011056288389890243
345.0 0.010452119625415366
350.0 0.01162017923673346
355.0 0.011056288389890243
